labels 10 16 37 98
10 0.997715 0.00209483 0.000133822 5.59852e-05
10 0.987509 0.0109982 0.00033883 0.00115365
10 0.976785 0.0225238 0.00019556 0.000496095
10 0.997371 0.00183764 0.000433564 0.000357484
10 0.967926 0.0156383 0.0106835 0.00575245
10 0.953917 0.00935375 0.00211406 0.0346149
10 0.980607 0.0172904 0.00147567 0.000626411
10 0.9922 0.00623323 0.000910529 0.000656137
10 0.954366 0.0317052 0.00996261 0.00396664
10 0.988587 0.010288 0.000987256 0.000137777
10 0.733217 0.26088 0.00196685 0.00393637
10 0.992159 0.00318273 0.00121538 0.00344328
10 0.995417 0.00313746 0.000371023 0.00107443
16 0.274311 0.694533 0.000292951 0.0308626
10 0.991526 0.00828445 7.83642e-05 0.000111161
10 0.913001 0.0705617 0.00544586 0.0109911
98 0.145453 0.316042 0.222212 0.316292
10 0.918245 0.0771911 0.000437967 0.00412636
10 0.997997 0.00176627 0.000150036 8.685e-05
10 0.995749 0.00390931 0.000212612 0.000128922
10 0.983652 0.0129443 0.00130366 0.0020998
10 0.989607 0.00915624 0.000497014 0.000739631
10 0.997198 0.00200384 0.000233607 0.000564234
10 0.788494 0.106049 0.0514924 0.0539642
10 0.987112 0.0108923 0.000383853 0.00161166
10 0.545064 0.128438 0.269375 0.0571228
10 0.998118 0.00179929 6.01208e-05 2.25519e-05
10 0.994991 0.00439714 0.000477842 0.000134331
10 0.99562 0.00199665 0.000944693 0.00143821
10 0.588416 0.393838 0.00117762 0.016568
10 0.997202 0.00260773 0.000108872 8.1742e-05
10 0.995308 0.00283199 0.000946608 0.000913192
10 0.99922 0.000594406 0.000103602 8.20991e-05
10 0.884928 0.112702 0.000147457 0.00222247
10 0.979364 0.0199866 0.000191327 0.000457738
10 0.993213 0.00620106 0.000453799 0.00013193
10 0.876299 0.109336 0.000626083 0.0137389
10 0.972489 0.0151312 0.00131047 0.0110689
10 0.97463 0.0215246 0.00301014 0.000835553
10 0.997243 0.00212914 0.000145641 0.000482612
10 0.996831 0.00302174 0.000111495 3.62341e-05
10 0.932018 0.0626436 0.00139445 0.00394407
10 0.986198 0.0128068 0.000286958 0.000708286
10 0.995499 0.00346364 0.00018828 0.000849272
10 0.974116 0.0105593 0.00475192 0.0105725
10 0.979576 0.0171434 0.000257756 0.00302271
10 0.993172 0.00599072 0.000431877 0.000405506
10 0.811283 0.184248 0.002188 0.00228103
10 0.866231 0.0541561 0.00247046 0.0771428
10 0.962982 0.0342601 0.00139186 0.001366
10 0.993387 0.00619537 0.000321246 9.65315e-05
16 0.360813 0.562457 0.0277945 0.0489361
10 0.986198 0.0128068 0.000286958 0.000708286
10 0.993451 0.00559621 0.000285392 0.000667592
10 0.995225 0.0041886 0.000373326 0.000212844
10 0.965579 0.0125026 0.00440265 0.017516
10 0.936617 0.0313202 0.000784111 0.0312783
10 0.991793 0.00755482 0.00037424 0.000277807
10 0.993781 0.00589443 0.00025779 6.63179e-05
10 0.931782 0.0244375 0.00190702 0.0418731
10 0.987483 0.00802348 0.00103719 0.00345642
10 0.950765 0.0487944 0.000257281 0.00018328
10 0.999126 0.000542324 0.000244399 8.71554e-05
10 0.985549 0.0101709 0.000399502 0.00388079
10 0.97883 0.0197617 0.000530108 0.000878286
10 0.922904 0.0750519 0.000871804 0.00117195
16 0.428958 0.452465 0.00118158 0.117395
10 0.995816 0.00356798 0.000144034 0.000471811
10 0.997129 0.00217188 0.000541738 0.000157472
10 0.866576 0.0838694 0.0307132 0.0188415
10 0.989987 0.00378888 0.000895599 0.00532857
10 0.801731 0.0301422 0.0303911 0.137736
10 0.997451 0.00236155 0.000102696 8.44785e-05
10 0.989059 0.00568525 0.0015837 0.00367222
10 0.99799 0.000782232 0.000629096 0.000599079
10 0.986728 0.0128153 0.000266723 0.000189836
10 0.993375 0.00634325 0.000173984 0.000107999
10 0.988631 0.00825118 0.00150683 0.00161113
10 0.994518 0.00483392 0.000343011 0.000305245
10 0.974538 0.0240772 0.000402912 0.00098216
10 0.997742 0.00170192 0.00035627 0.000200163
10 0.997753 0.00186229 0.000186485 0.00019853
10 0.994304 0.00537412 0.000116864 0.000205462
10 0.99022 0.00601535 0.00124357 0.00252106
10 0.990178 0.00955107 0.000174367 9.63297e-05
10 0.969291 0.0288171 0.000579905 0.00131191
10 0.99835 0.00148892 9.91533e-05 6.15181e-05
10 0.927582 0.0595374 0.00187343 0.0110076
10 0.989424 0.0100556 0.000172542 0.000347613
10 0.997894 0.001173 0.000386557 0.000546204
10 0.991168 0.00733178 0.000249603 0.00125098
10 0.995468 0.00406824 0.000277406 0.000186448
10 0.989762 0.00998752 0.000125762 0.000125171
10 0.986768 0.0128136 0.000283985 0.000134744
10 0.941418 0.0534571 0.00179556 0.00332932
10 0.923913 0.0739841 0.00135468 0.00074773
10 0.987473 0.0122797 9.98602e-05 0.000147643
10 0.994166 0.00502557 0.000673889 0.000134061
10 0.995065 0.00380206 0.000334492 0.00079875
10 0.639425 0.326319 0.0180019 0.016254
10 0.993771 0.00544926 0.000158344 0.000621781
10 0.984086 0.00861394 0.00523378 0.00206662
10 0.990277 0.00934588 0.000216801 0.000160802
10 0.991826 0.0069636 0.000687538 0.000523344
10 0.969739 0.0267835 0.00134488 0.00213254
10 0.98558 0.0128025 0.000405202 0.00121251
10 0.970007 0.0137191 0.00254578 0.013728
10 0.976931 0.0175394 0.00188415 0.00364585
10 0.996545 0.00316214 0.000182079 0.000111029
10 0.994426 0.00473493 0.000329944 0.000508843
10 0.991114 0.00803289 0.000359266 0.000494181
10 0.986795 0.0127882 0.000188076 0.000228699
10 0.919 0.0238122 0.00603043 0.0511569
10 0.996505 0.00256108 0.000546466 0.000387861
10 0.986442 0.0132876 0.000203442 6.74439e-05
10 0.994395 0.00366247 0.000915019 0.00102713
10 0.894922 0.00732756 0.0369784 0.060772
10 0.984875 0.0126377 0.000630398 0.00185698
10 0.985846 0.0127978 0.000407551 0.00094885
10 0.947947 0.0487418 0.000124109 0.00318714
16 0.019295 0.978224 0.000292122 0.00218927
16 0.0105064 0.983091 0.000125093 0.00627787
16 0.18549 0.783625 0.016084 0.0148012
16 0.00917135 0.979179 0.000784715 0.0108648
16 0.032749 0.966653 0.000232956 0.000365193
16 0.0328547 0.960191 0.00255807 0.00439632
16 0.100464 0.795281 0.00914198 0.095113
16 0.00445904 0.977834 0.000280701 0.0174265
16 0.0257516 0.966045 0.000515534 0.0076879
10 0.881813 0.0825597 0.0167712 0.0188558
16 0.0816825 0.902933 0.00412004 0.0112646
16 0.0338275 0.896484 0.00743913 0.0622494
10 0.655609 0.138025 0.0153713 0.190995
16 0.0108966 0.988519 0.00028687 0.000298038
16 0.0265317 0.956147 0.00474905 0.0125725
16 0.0032362 0.913769 0.00349083 0.0795042
16 0.0028822 0.991591 0.00131577 0.00421137
16 0.00917135 0.979179 0.000784715 0.0108648
16 0.00369522 0.99358 0.000102885 0.00262179
16 0.00141825 0.983629 0.00163075 0.0133222
16 0.0123993 0.799313 0.0134113 0.174876
16 0.0244514 0.974797 0.000487296 0.000263863
16 0.00945366 0.985841 0.000174554 0.00453062
16 0.00330517 0.99238 0.000583087 0.0037321
16 0.00162304 0.985119 0.00241132 0.0108467
16 0.00262804 0.990913 5.71728e-05 0.00640214
16 0.21663 0.779791 0.00103629 0.00254193
16 0.0150392 0.94695 0.00192439 0.0360864
16 0.013144 0.984991 0.000929827 0.000934728
16 0.0105269 0.780709 0.0286537 0.18011
16 0.00520396 0.992568 0.000406192 0.00182212
16 0.24205 0.751651 0.000744188 0.00555512
16 0.0210839 0.975114 0.00071002 0.0030919
16 0.456534 0.532971 0.0015511 0.00894453
16 0.0140555 0.982865 0.000366732 0.00271296
16 0.00452283 0.989936 0.00204059 0.00350062
16 0.0149077 0.971247 0.00203305 0.0118119
16 0.0282137 0.971395 0.000144307 0.000246731
16 0.00201504 0.973141 0.0024936 0.02235
16 0.00895035 0.989225 0.000215033 0.00160972
98 0.00589994 0.396173 0.00249814 0.595429
16 8.49453e-06 0.997471 0.000143394 0.00237669
98 0.00472029 0.481159 0.00379041 0.51033
16 0.0535087 0.871488 0.00165203 0.0733508
16 0.0206435 0.973294 0.000460686 0.00560145
16 6.31625e-06 0.998684 2.73627e-05 0.00128244
16 0.0257516 0.966045 0.000515534 0.0076879
16 0.00374873 0.575856 0.00952471 0.41087
16 0.0376655 0.961895 0.000116909 0.000322453
16 0.0565957 0.939048 0.00192439 0.00243154
16 0.0131076 0.98538 0.000342895 0.00116941
16 0.00732913 0.988974 0.00129771 0.00239912
16 0.0112752 0.986438 5.68865e-05 0.00223034
16 0.0243851 0.975003 0.00024406 0.000367604
16 0.00890338 0.978281 0.00311466 0.00970133
16 0.0992609 0.837591 0.00048046 0.0626672
16 0.0359805 0.960785 0.000183838 0.0030511
16 0.00219435 0.993047 0.00055692 0.00420179
16 0.0219451 0.87141 0.00424431 0.102401
16 0.0201966 0.876406 0.0178161 0.0855816
16 1.70123e-05 0.997461 0.000936027 0.00158602
16 0.00519808 0.994161 2.20239e-05 0.000619372
16 0.00186184 0.983465 0.000331364 0.0143414
16 0.0725398 0.924654 0.000195914 0.00261079
16 0.00164295 0.987442 0.000226142 0.0106887
16 0.00562452 0.979156 0.000303065 0.0149162
16 0.00969414 0.987403 0.000717493 0.00218514
10 0.637568 0.351766 0.00666813 0.00399777
16 0.00273636 0.986298 0.000250889 0.0107149
16 0.0122044 0.987583 0.000104833 0.000108123
16 0.00715847 0.991961 4.38405e-05 0.000836549
16 0.0120181 0.983614 5.58893e-05 0.00431231
16 0.0089101 0.98855 0.000781403 0.0017587
16 0.00679959 0.684858 0.0766024 0.23174
16 0.0131285 0.98595 0.000224384 0.000696731
16 0.00740793 0.978775 0.00360365 0.0102139
16 0.0117376 0.945342 0.0122402 0.03068
16 0.0133477 0.985746 0.000107505 0.000798687
16 0.013897 0.979186 0.000603034 0.0063138
16 7.08516e-07 0.99967 4.96554e-05 0.00028004
16 0.082987 0.913632 0.00152577 0.0018549
16 0.00292059 0.995741 0.000271866 0.00106617
16 4.14252e-05 0.991291 0.000707847 0.00795934
16 0.0064118 0.989434 0.00132179 0.00283275
16 0.0239746 0.973618 0.000241887 0.00216525
16 0.0218815 0.840759 0.00655534 0.130804
16 0.157548 0.812953 0.0194758 0.0100238
16 0.0292076 0.965796 0.00012856 0.0048681
16 0.0473908 0.946806 0.000757012 0.00504614
16 0.0535087 0.871488 0.00165203 0.0733508
16 0.00199593 0.996087 0.00016363 0.00175349
16 0.0151042 0.966714 0.00494741 0.0132341
16 0.0598033 0.938343 0.00013507 0.0017185
16 4.69885e-06 0.998431 0.000322662 0.00124191
16 0.00316232 0.995229 0.000117947 0.0014903
16 0.07973 0.919559 0.000220009 0.00049131
16 0.00646482 0.981359 0.00365665 0.0085195
16 0.00311038 0.995724 0.000110511 0.00105537
16 0.00843168 0.982422 0.00030226 0.00884438
16 0.0306292 0.872656 0.000832166 0.0958822
16 0.00787032 0.976009 0.0010971 0.0150237
16 0.00147448 0.994425 0.000189813 0.00391081
16 0.0149077 0.971247 0.00203305 0.0118119
16 0.00201504 0.973141 0.0024936 0.02235
16 0.00516711 0.975265 0.00515027 0.0144171
16 0.00671736 0.984628 0.00266416 0.00599003
98 0.0027152 0.0989341 0.00859506 0.889756
16 0.00585877 0.993277 0.000169278 0.000694579
16 0.0219451 0.87141 0.00424431 0.102401
16 0.00734647 0.978744 0.00303637 0.0108736
16 0.000782683 0.983599 0.000908588 0.0147101
16 0.00213297 0.987827 0.000982408 0.00905722
16 0.0239746 0.973618 0.000241887 0.00216525
16 0.06442 0.929647 0.00150105 0.00443156
16 0.00278658 0.867572 0.00117836 0.128463
16 0.0076976 0.977745 0.000277827 0.0142792
16 0.375951 0.527283 0.00172175 0.095044
16 0.00346635 0.983021 0.000238184 0.0132747
16 0.00752872 0.810169 0.00610102 0.176201
16 0.0140485 0.975629 0.00100764 0.00931509
37 0.00145383 0.0231559 0.932842 0.0425487
37 0.00128319 0.00138328 0.991336 0.00599744
37 0.00998941 0.0018438 0.984436 0.00373107
37 0.00349819 0.00119264 0.992903 0.00240605
37 0.000838718 0.00299693 0.990783 0.00538167
37 0.00168898 0.00111714 0.992654 0.00453978
37 0.00639904 0.00125026 0.988524 0.00382656
37 0.00459842 0.00156236 0.988597 0.00524272
37 0.00255287 0.00145878 0.981971 0.0140175
37 0.00485873 0.000758025 0.992341 0.0020418
37 0.00501906 0.00330017 0.959516 0.0321649
37 0.0145688 0.00690136 0.844104 0.134426
37 0.00734854 0.00250311 0.984009 0.00613967
37 0.0134911 0.0259495 0.923884 0.0366752
37 0.00155067 0.00174776 0.98813 0.00857184
37 0.0211506 0.00274269 0.966062 0.0100452
37 0.0227396 0.0133867 0.94498 0.0188934
37 0.00506756 0.00218991 0.987522 0.00522026
37 0.00283244 0.0012667 0.99098 0.00492119
37 0.00369485 0.00201555 0.982877 0.0114128
37 0.00405474 0.000921759 0.983538 0.0114857
37 0.00477446 0.00403443 0.986321 0.00487031
37 0.047322 0.0488095 0.792929 0.11094
37 0.00592095 0.0101441 0.966835 0.0171
37 0.0159611 0.00543435 0.967717 0.0108876
37 0.0175781 0.00348759 0.968608 0.0103265
37 0.00923709 0.00116185 0.987389 0.00221197
37 0.0366524 0.0100242 0.93927 0.0140531
37 0.0108112 0.0011321 0.976865 0.0111917
37 0.0017271 0.00132435 0.992816 0.00413233
37 0.00364138 0.0017186 0.979647 0.0149926
37 0.00446255 0.000882258 0.991516 0.0031396
37 0.0207481 0.0103165 0.949823 0.0191128
37 0.00658377 0.00277656 0.982687 0.00795268
37 0.00228197 0.00102562 0.993497 0.00319579
37 0.00433716 0.00138281 0.989814 0.00446622
37 0.00306213 0.000936283 0.994023 0.00197901
37 0.0039739 0.00326366 0.976158 0.0166045
37 0.00473272 0.00196573 0.988932 0.00437
37 0.021299 0.00309482 0.970831 0.0047748
37 0.00630198 0.00118946 0.98652 0.00598856
37 0.00316971 0.00146333 0.991669 0.0036977
37 0.00639809 0.0011972 0.988754 0.0036508
37 0.0485145 0.0157138 0.913464 0.0223078
37 0.0264824 0.00204425 0.960067 0.0114063
37 0.0025097 0.000422281 0.994947 0.00212107
37 0.0153862 0.00319629 0.968313 0.0131049
37 0.00591577 0.0017696 0.98688 0.00543427
37 0.0149011 0.00170819 0.965956 0.0174343
37 0.0333481 0.0554329 0.892212 0.0190066
37 0.0102437 0.00654554 0.916247 0.0669635
37 0.00564534 0.00515237 0.961749 0.0274531
37 0.0173245 0.00441407 0.953922 0.0243395
37 0.000959857 0.00238073 0.991019 0.00564044
37 0.00224333 0.000415081 0.996585 0.00075625
37 0.0236183 0.00420172 0.962598 0.00958186
37 0.00994933 0.0017188 0.98095 0.00738233
37 0.00656684 0.00266228 0.982989 0.00778213
37 0.00644369 0.0112985 0.960323 0.0219347
37 0.0149358 0.016101 0.949227 0.0197362
37 0.0311648 0.00532813 0.943347 0.0201605
37 0.00183249 0.00391792 0.983564 0.0106857
37 0.0106015 0.00905391 0.960476 0.0198686
37 0.00753254 0.00923754 0.976511 0.00671862
37 0.00279935 0.000939449 0.992317 0.00394425
37 0.00310867 0.000704309 0.994021 0.00216622
37 0.000824905 0.0012863 0.987704 0.0101844
37 0.0407648 0.0750225 0.50055 0.383663
37 0.00409311 0.00103586 0.992215 0.00265583
37 0.0015459 0.00460771 0.977275 0.0165709
37 0.0123649 0.027493 0.904189 0.0559535
37 0.00595367 0.00225336 0.982163 0.00963027
37 0.000911516 0.00047386 0.997674 0.000940126
37 0.00411695 0.00940062 0.981987 0.0044953
37 0.00361367 0.000744879 0.991701 0.00394058
37 0.0229235 0.00254768 0.946007 0.0285221
37 0.0324928 0.00362324 0.949816 0.0140679
37 0.00826216 0.00268235 0.983582 0.00547389
37 0.018224 0.0159141 0.911854 0.0540075
37 0.00616385 0.00149213 0.987007 0.00533747
37 0.00605833 0.00245059 0.986431 0.00506035
37 0.0284424 0.0065223 0.949728 0.0153069
37 0.0289076 0.0510018 0.872544 0.0475466
37 0.00492561 0.00134727 0.988158 0.00556959
37 0.0149078 0.00572846 0.974667 0.00469699
37 0.0116944 0.00239606 0.968824 0.0170853
37 0.011975 0.0169341 0.932497 0.0385935
37 0.00292979 0.00138141 0.993586 0.00210269
37 0.020536 0.00216009 0.970208 0.00709586
37 0.0159812 0.00938387 0.914523 0.0601115
37 0.00979848 0.00194169 0.984605 0.00365497
37 0.00344842 0.0018741 0.991149 0.00352888
37 0.00109415 0.000276296 0.998214 0.000415378
37 0.00921507 0.00287279 0.979762 0.00815048
37 0.00255248 0.00139227 0.99002 0.00603531
37 0.00929582 0.00840792 0.973835 0.00846139
37 0.00135893 0.000801132 0.986481 0.0113588
37 0.00438986 0.00367712 0.989555 0.00237765
37 0.00225719 0.000814385 0.994959 0.00196916
37 0.00344762 0.00202607 0.988594 0.00593219
37 0.00362301 0.00673158 0.920059 0.0695863
37 0.00639438 0.00093548 0.988617 0.00405304
37 0.00515515 0.00297289 0.984297 0.00757477
37 0.00396148 0.000433651 0.993144 0.00246092
37 0.00966722 0.00938619 0.972495 0.00845179
37 0.00537562 0.00718319 0.933085 0.0543558
37 0.0220591 0.0124925 0.901744 0.0637043
37 0.01037 0.0022342 0.976258 0.0111376
37 0.00387205 0.00117154 0.992693 0.00226319
37 0.00215943 0.00136743 0.991382 0.00509121
37 0.00674582 0.00255661 0.981361 0.00933645
37 0.00865682 0.00134402 0.98501 0.0049887
37 0.0119001 0.00179754 0.976984 0.00931868
37 0.0474957 0.00455131 0.930268 0.017685
37 0.012073 0.00299945 0.978819 0.00610807
37 0.00920977 0.00247711 0.984493 0.0038201
37 0.0120075 0.00369448 0.966707 0.0175907
37 0.0129473 0.00634835 0.962767 0.017937
37 0.00100921 0.000456551 0.996572 0.00196261
37 0.0172295 0.00775588 0.968013 0.00700185
98 0.00463691 0.0048883 0.00125839 0.989216
98 0.00210264 0.00159862 0.000783388 0.995515
98 0.0162996 0.00358609 0.000595775 0.979519
98 0.00532693 0.00451795 0.00143125 0.988724
98 0.00172413 0.00154224 0.000789648 0.995944
98 0.014917 0.0102041 0.00714006 0.967739
98 0.00175057 0.000287168 0.000256208 0.997706
98 0.0150883 0.00191319 0.00227626 0.980722
98 0.00417669 0.0206164 4.39608e-05 0.975163
98 0.00169559 0.000393233 0.00113836 0.996773
98 0.00278113 0.185421 0.00538017 0.806418
98 0.00948653 0.0347645 0.248313 0.707436
98 0.00341423 0.00314873 0.000705317 0.992732
98 0.015974 0.00721121 0.00118789 0.975627
98 0.00788383 0.127264 0.000375389 0.864477
98 0.00791934 0.00264272 0.00214534 0.987293
98 0.00348697 0.00327745 0.00172731 0.991508
98 0.0147084 0.00626504 0.0075604 0.971466
98 0.00617498 0.00228305 0.0085584 0.982984
98 0.00538204 0.000913538 0.00120618 0.992498
98 0.0732362 0.00971846 0.00428388 0.912761
98 0.00224387 0.00594468 0.00183496 0.989976
98 0.00287777 0.000721083 0.00120249 0.995199
98 0.00954888 0.010377 0.00240828 0.977666
98 0.0016142 0.000790984 0.0019732 0.995622
98 0.00293165 0.00154531 0.000432163 0.995091
98 0.0693903 0.00642535 0.00316686 0.921017
98 0.0259678 0.080301 0.00797118 0.88576
98 0.0117383 0.00702084 0.00719328 0.974048
98 0.0146184 0.00661886 0.00828311 0.97048
98 0.00051167 0.0033436 0.0010705 0.995074
98 0.00669923 0.00759208 0.000523353 0.985185
98 0.0032413 0.00222538 0.000371871 0.994161
98 0.0114988 0.00215191 0.00190915 0.98444
98 0.00281512 0.0082178 0.000837353 0.98813
98 0.00572361 0.0102976 0.00217433 0.981804
98 0.0075831 0.00380659 0.000924246 0.987686
98 0.00265687 0.000995068 0.000537307 0.995811
98 0.00531248 0.377034 0.000319423 0.617334
98 2.33781e-06 1.55665e-06 1.24149e-06 0.999995
98 0.0015751 0.00375452 0.000797478 0.993873
98 0.00647726 0.0343349 0.0078472 0.951341
98 0.00173213 0.000804912 0.000261233 0.997202
98 0.0039715 0.00044556 0.000689342 0.994894
98 0.00408363 0.00746454 0.000899179 0.987553
98 0.0162005 0.0254942 0.00655354 0.951752
98 0.00274246 0.00862983 0.000877179 0.987751
98 0.00390937 0.00290327 0.000714729 0.992473
98 0.0223201 0.104415 0.0278078 0.845457
98 0.00680068 0.303198 0.00220604 0.687796
98 0.00754693 0.345779 0.0076545 0.63902
98 0.0235958 0.00784235 0.000495945 0.968066
98 0.107634 0.0638777 0.04195 0.786539
98 0.013965 0.0969286 0.000142127 0.888964
98 0.00159355 0.00179326 0.000241543 0.996372
98 0.00377007 0.00129852 0.00547076 0.989461
98 0.00168311 0.00187907 0.00281386 0.993624
98 0.00427875 0.00276375 0.000500965 0.992457
98 0.00726401 0.00531409 0.00267569 0.984746
98 0.00993422 0.0242913 0.000490475 0.965284
98 0.0198733 0.0108232 0.0444155 0.924888
98 0.00181388 0.00212793 0.0020261 0.994032
98 0.00834198 0.022807 0.000743554 0.968108
98 0.000928116 0.000254654 0.00141865 0.997399
98 0.0149813 0.0037195 0.00523893 0.97606
98 0.00869796 0.0748729 0.00512545 0.911304
98 0.0053229 0.0175003 0.0290924 0.948084
98 0.00181282 0.00117911 0.000363606 0.996644
98 0.00915955 0.00178266 0.0010255 0.988032
98 0.183674 0.322154 0.0189877 0.475185
98 0.00196184 0.00853527 0.00586898 0.983634
98 0.0121489 0.0276032 0.0161887 0.944059
98 0.00380644 0.00184662 0.00645851 0.987888
98 0.00357265 0.0992765 0.0462705 0.85088
98 0.0222464 0.0233544 0.0014512 0.952948
98 0.00170576 0.00192245 4.98836e-05 0.996322
98 0.00438825 0.000990009 0.00216124 0.99246
98 0.022054 0.0047858 0.00129206 0.971868
98 0.00389901 0.454723 0.0005591 0.540819
98 0.000831863 0.00059686 0.00143023 0.997141
98 0.0025061 0.00146069 0.00075237 0.995281
98 3.27685e-06 2.46834e-06 1.38622e-06 0.999993
98 0.00265362 0.000631322 0.000327338 0.996388
98 0.00256428 0.00162493 0.00144456 0.994366
98 0.00734595 0.0505394 0.00173216 0.940383
98 0.0031721 0.0132849 0.00484176 0.978701
98 0.0133581 0.00559042 0.00704166 0.97401
98 0.014369 0.0581539 0.0183971 0.90908
98 0.00530469 0.393772 8.31088e-05 0.60084
98 0.0148778 0.00924199 0.00905723 0.966823
98 0.000850236 0.00184889 0.00151093 0.99579
16 0.0496542 0.513708 0.00601395 0.430624
98 0.00340308 0.00181348 0.00212002 0.992663
98 0.0157762 0.0421804 0.00611599 0.935927
98 0.00438493 0.00481882 0.000404346 0.990392
98 0.0098867 0.00667024 0.00679674 0.976646
98 0.024635 0.220209 0.0305848 0.724571
98 0.0270633 0.0118837 0.00477733 0.956276
98 0.0245254 0.0436551 0.0155197 0.9163
98 0.00334434 0.00241098 0.00275388 0.991491
98 0.00893943 0.0193029 0.00788738 0.96387
98 0.00692515 0.00785367 0.000690533 0.984531
98 0.00503508 0.00246348 0.000652506 0.991849
98 0.0124119 0.219435 0.0155693 0.752584
98 0.117629 0.00924729 0.00379277 0.86933
98 0.00134582 0.000741242 0.000847941 0.997065
98 0.00605666 0.0631543 0.00206608 0.928723
98 0.00583304 0.0031418 0.00418054 0.986845
98 0.0276443 0.0707441 0.00411584 0.897496
98 0.00123468 0.0556547 0.0157986 0.927312
98 0.00150132 0.000647895 0.00140827 0.996443
98 0.00402879 0.0016555 0.00200896 0.992307
98 0.0121836 0.0231753 0.0231288 0.941512
98 0.00116233 0.00221416 0.00484076 0.991783
98 0.0102628 0.0406859 0.000892699 0.948159
98 0.00314042 0.00166515 0.00111371 0.994081
98 0.0350576 0.0041987 0.000926121 0.959818
98 0.0139479 0.0132735 0.00213722 0.970641
98 0.0731866 0.0112518 0.000688042 0.914874
98 0.00936275 0.00134789 0.000950897 0.988338
